NodeName	isMutated	degree	neighborVec	pvalue	Gene	EntrezID
ABL1(25)	0	88	3	0.71	ABL1	25
AKAP3(10566)	0	7	0	1	AKAP3	10566
AKT1(207)	0	107	9	0.05	AKT1	207
APLP2(334)	0	10	1	0.35	APLP2	334
APPL(26060)	0	11	1	0.37	APPL	26060
AR(367)	0	129	8	0.18	AR	367
ATN1(1822)	0	89	4	0.46	ATN1	1822
ATP2B2(491)	0	6	0	1	ATP2B2	491
ATXN1(6310)	0	159	4	0.87	ATXN1	6310
BCL10(8915)	0	22	1	0.52	BCL10	8915
BRCA1(672)	1	104	7	0.17	BRCA1	672
BRF1(2972)	0	10	0	1	BRF1	2972
CASP2(835)	0	20	0	1	CASP2	835
CASP3(836)	0	126	7	0.28	CASP3	836
CASP8(841)	0	67	3	0.51	CASP8	841
CASP9(842)	0	36	0	1	CASP9	842
CBFA2T2(9139)	0	10	1	0.35	CBFA2T2	9139
CBFB(865)	0	6	0	1	CBFB	865
CBL(867)	0	81	1	0.98	CBL	867
CCNA1(8900)	0	23	1	0.62	CCNA1	8900
CCNA2(890)	0	26	2	0.35	CCNA2	890
CCND1(595)	0	39	4	0.08	CCND1	595
CCND2(894)	0	10	0	1	CCND2	894
CCND3(896)	0	24	0	1	CCND3	896
CDC2(983)	0	114	8	0.09	CDC2	983
CDC42(998)	0	79	4	0.4	CDC42	998
CDH1(999)	0	31	2	0.34	CDH1	999
CDK2(1017)	0	71	4	0.32	CDK2	1017
CDK4(1019)	0	40	2	0.47	CDK4	1019
CDK5(1020)	0	46	2	0.55	CDK5	1020
CDK6(1021)	0	18	0	1	CDK6	1021
CDK9(1025)	0	29	1	0.64	CDK9	1025
CDKN1A(1026)	0	55	3	0.34	CDKN1A	1026
CDKN1B(1027)	0	34	1	0.76	CDKN1B	1027
CEBPB(1051)	0	50	4	0.22	CEBPB	1051
CEBPE(1053)	0	14	1	0.44	CEBPE	1053
CHD3(1107)	0	75	2	0.76	CHD3	1107
CHEK1(1111)	0	18	0	1	CHEK1	1111
CHGB(1114)	0	22	2	0.32	CHGB	1114
CHUK(1147)	0	50	3	0.31	CHUK	1147
COPS5(10987)	0	28	2	0.31	COPS5	10987
COPS6(10980)	0	73	4	0.39	COPS6	10980
CREBBP(1387)	0	199	10	0.34	CREBBP	1387
CRSP3(9439)	0	8	0	1	CRSP3	9439
CSNK2A1(1457)	0	159	15	0	CSNK2A1	1457
CTCF(10664)	0	6	0	1	CTCF	10664
CTNNB1(1499)	0	120	7	0.2	CTNNB1	1499
DLG1(1739)	0	65	3	0.54	DLG1	1739
DVL2(1856)	0	51	0	1	DVL2	1856
E2F1(1869)	0	41	3	0.22	E2F1	1869
E4F1(1877)	0	6	0	1	E4F1	1877
EFEMP2(30008)	0	33	2	0.43	EFEMP2	30008
EGFR(1956)	0	138	10	0.07	EGFR	1956
EP300(2033)	0	204	13	0.12	EP300	2033
ESR1(2099)	1	164	9	0.17	ESR1	2099
ESR2(2100)	0	46	2	0.56	ESR2	2100
ETS1(2113)	0	28	2	0.32	ETS1	2113
ETS2(2114)	0	17	2	0.21	ETS2	2114
FOS(2353)	1	48	3	0.38	FOS	2353
FOXA1(3169)	1	2	1	0.14	FOXA1	3169
GAB2(9846)	0	23	1	0.66	GAB2	9846
GATA3(2625)	1	6	1	0.2	GATA3	2625
GNA13(10672)	0	30	2	0.33	GNA13	10672
GPS2(2874)	0	16	1	0.42	GPS2	2874
GRB2(2885)	0	188	4	0.98	GRB2	2885
GSK3B(2932)	0	59	6	0.05	GSK3B	2932
GTF2H1(2965)	0	26	5	0.01	GTF2H1	2965
HD(3064)	0	59	1	0.92	HD	3064
HDAC3(8841)	0	57	4	0.19	HDAC3	8841
HIPK2(28996)	0	27	1	0.64	HIPK2	28996
HIST1H1C(3006)	0	2	0	1	HIST1H1C	3006
HIST2H2BE(8349)	0	18	2	0.23	HIST2H2BE	8349
HMGB1(3146)	0	52	1	0.91	HMGB1	3146
HRAS(3265)	0	65	5	0.09	HRAS	3265
HSPCA(3320)	0	74	6	0.08	HSPCA	3320
HSPCB(3326)	0	21	3	0.08	HSPCB	3326
IRAK1(3654)	0	36	2	0.45	IRAK1	3654
IRS1(3667)	0	60	5	0.07	IRS1	3667
IRS2(8660)	0	35	4	0.09	IRS2	8660
IRS4(8471)	0	14	4	0.01	IRS4	8471
JUN(3725)	0	109	7	0.16	JUN	3725
KCNB2(9312)	0	1	0	1	KCNB2	9312
LCK(3932)	0	98	4	0.63	LCK	3932
MAGI2(9863)	0	13	1	0.39	MAGI2	9863
MAP2K4(6416)	0	22	1	0.64	MAP2K4	6416
MAP3K1(4214)	1	1	1	0.12	MAP3K1	4214
MAP3K8(1326)	0	13	0	1	MAP3K8	1326
MAPK1(5594)	0	156	5	0.77	MAPK1	5594
MAPK10(5602)	0	15	0	1	MAPK10	5602
MAPK14(1432)	0	76	9	0.01	MAPK14	1432
MAPK8(5599)	0	63	5	0.12	MAPK8	5599
MAPK8IP3(23162)	0	21	0	1	MAPK8IP3	23162
MAPK9(5601)	0	37	1	0.82	MAPK9	5601
MCM7(4176)	0	36	3	0.25	MCM7	4176
MDM2(4193)	0	39	3	0.27	MDM2	4193
MDM4(4194)	0	16	0	1	MDM4	4194
MNAT1(4331)	0	18	3	0.03	MNAT1	4331
MNDA(4332)	0	6	0	1	MNDA	4332
MST1R(4486)	0	20	1	0.48	MST1R	4486
MYB(4602)	0	17	0	1	MYB	4602
MYST4(23522)	0	3	0	1	MYST4	23522
NCL(4691)	0	23	1	0.67	NCL	4691
NCOA6(23054)	0	28	1	0.72	NCOA6	23054
NCOR1(9611)	0	47	4	0.15	NCOR1	9611
NF1(4763)	0	7	0	1	NF1	4763
NFKBIA(4792)	0	59	2	0.69	NFKBIA	4792
NPM1(4869)	0	22	0	1	NPM1	4869
NR3C1(2908)	0	83	1	1	NR3C1	2908
PAX5(5079)	0	14	0	1	PAX5	5079
PDGFRB(5159)	0	53	4	0.17	PDGFRB	5159
PHB(5245)	0	14	0	1	PHB	5245
PIK3CA(5290)	1	19	2	0.21	PIK3CA	5290
PIK3R1(5295)	1	126	8	0.18	PIK3R1	5295
PIK3R3(8503)	0	11	3	0.01	PIK3R3	8503
PIWIL1(9271)	0	1	1	0.16	PIWIL1	9271
PML(5371)	0	50	1	0.82	PML	5371
POLA(5422)	0	13	1	0.45	POLA	5422
PPARBP(5469)	0	27	3	0.1	PPARBP	5469
PPM1A(5494)	0	13	1	0.45	PPM1A	5494
PPP2CA(5515)	0	44	1	0.85	PPP2CA	5515
PRKAR2A(5576)	0	31	3	0.15	PRKAR2A	5576
PRKCA(5578)	0	168	10	0.16	PRKCA	5578
PRKDC(5591)	0	39	2	0.54	PRKDC	5591
PRKRA(8575)	0	8	0	1	PRKRA	8575
PSEN1(5663)	1	50	3	0.3	PSEN1	5663
PTEN(5728)	1	21	1	0.54	PTEN	5728
PTK2(5747)	0	81	5	0.2	PTK2	5747
PTPN22(26191)	0	3	0	1	PTPN22	26191
PTPRD(5789)	0	8	0	1	PTPRD	5789
PTPRF(5792)	0	21	0	1	PTPRF	5792
RAC1(5879)	0	89	4	0.5	RAC1	5879
RAF1(5894)	0	89	3	0.76	RAF1	5894
RB1(5925)	0	124	8	0.11	RB1	5925
RCHY1(25898)	0	5	0	1	RCHY1	25898
RICS(9743)	0	22	2	0.2	RICS	9743
RPGR(6103)	0	13	0	1	RPGR	6103
RRM2(6241)	0	5	0	1	RRM2	6241
RUNX1(861)	0	22	2	0.2	RUNX1	861
RUNX1T1(862)	0	26	1	0.73	RUNX1T1	862
RUNX2(860)	0	24	2	0.28	RUNX2	860
RYR2(6262)	1	12	3	0	RYR2	6262
SF3B1(23451)	0	10	0	1	SF3B1	23451
SH3KBP1(30011)	0	26	2	0.27	SH3KBP1	30011
SKP2(6502)	0	25	1	0.73	SKP2	6502
SMAD3(4088)	0	175	11	0.16	SMAD3	4088
SMAD5(4090)	0	33	1	0.78	SMAD5	4090
SMARCA4(6597)	0	36	4	0.08	SMARCA4	6597
SMARCB1(6598)	0	16	1	0.61	SMARCB1	6598
SP1(6667)	0	87	8	0.03	SP1	6667
SP3(6670)	0	16	1	0.48	SP3	6670
SRC(6714)	0	192	8	0.5	SRC	6714
SRPR(6734)	0	2	0	1	SRPR	6734
STK11(6794)	0	21	2	0.18	STK11	6794
SUV39H1(6839)	0	20	0	1	SUV39H1	6839
SYK(6850)	0	73	3	0.56	SYK	6850
TBL1X(6907)	0	11	1	0.4	TBL1X	6907
TBL1XR1(79718)	1	8	1	0.36	TBL1XR1	79718
TBP(6908)	0	81	5	0.25	TBP	6908
TBX3(6926)	0	1	0	1	TBX3	6926
TEP1(7011)	0	4	0	1	TEP1	7011
TFAP2A(7020)	0	21	1	0.67	TFAP2A	7020
THRB(7068)	0	35	1	0.79	THRB	7068
TLE1(7088)	0	55	4	0.23	TLE1	7088
TLR4(7099)	0	22	1	0.69	TLR4	7099
TOP2A(7153)	0	19	1	0.55	TOP2A	7153
TP53(7157)	0	238	11	0.4	TP53	7157
TSC2(7249)	0	21	2	0.23	TSC2	7249
TUBG1(7283)	0	20	2	0.15	TUBG1	7283
UBB(7314)	0	55	6	0.02	UBB	7314
UBE2I(7329)	0	95	4	0.58	UBE2I	7329
USH2A(7399)	0	2	0	1	USH2A	7399
VIL2(7430)	0	44	1	0.84	VIL2	7430
WNT7A(7476)	0	3	0	1	WNT7A	7476
YAP1(10413)	0	18	0	1	YAP1	10413
YBX1(4904)	0	18	0	1	YBX1	4904
YWHAE(7531)	0	58	5	0.07	YWHAE	7531
YWHAG(7532)	0	241	3	1	YWHAG	7532
YWHAZ(7534)	0	107	2	0.96	YWHAZ	7534
ZBTB16(7704)	0	83	3	0.75	ZBTB16	7704
ZFP36L1(677)	1	2	1	0.07	ZFP36L1	677
